$ANSIBLE_VAULT;1.1;AES256
39663466346262363036653765386461626630633366306563653739623435336365623934316537
3161373631663562613062303665383864323933396266610a353662636435346663313562323530
33646337346562626438313661303863613365636361366361376461396636333031663238353831
6635316465636633300a363262313332333736313230376338346439643739306236306537306532
34383165623663623136353863326132373735346465663130613833633361623463346537353066
61613136613361353434323331653736363134373862613739353032306332376132656265386436
34323830663830633632306666663235313236323833633935626465613538323766386465363633
31373932636339663930363964373865663262323165393637613764316434646266323135656634
31396331663434303962613631626438303333386336306635633738666139616537396535366265
36646361306234306561646166363937306430626132323165323465303063636133643361633764
38393566323666306664316263653032393937383562363431323433326532303032363835373531
64656561626431326535363764303531653633356531306664383764353965653565303465643637
31363965643638666435633538313637393638336336633561353133306531383638303737623730
63373163363531336463373865643164613239393839363338353939653864613331643033623234
34626438316534623731613638633162656466653361346238633435643931396633623262663365
64663831333537353931316166366531613839353666656630313866303932363261646262653132
33373566653237373332633163656532343931366662303562336662363034306364646337396236
38666265623562636433663664666131613439636265646330303336623865356531646437633066
63393337373332326433393132663836303935613364363739663066663933396162363635613036
36626533323237626532346361376364616265643862396331376564353531646634643165653163
39333865306138333134393132336131626535623737373030613932616336383439343739306535
34326433626666643863663261336139343066616630303363373866326563663638646530643663
35363064636466386263343461306234666432643335623530306135616638653562303137353837
35323239653838393231353861616337356533326362316139333966383832376433376639313333
37653335393362336632316263383430343363376434383535633737356233316639656336653264
38323034306165333333386231633562333063333734623731663861383233643164663161326162
38663339396135336233313565343434353837663464393932623832636633306530636634653861
37613936663330613438636432343832666265343963666439356338656365336530356361653939
63623937633731306635623163326561633638356535356132633737383835646337613831623362
65343231636365396535373835393065653162376133353332346364626538393335313961346530
61306563396135633939623133353865343065383234363033393937656139616532643965383463
61303531363962653139333931386362386138376162633938373834303532336162663937393162
35623965636565313764343231613966383337333662663363636534653130663232353539623662
30623862323237633561363661346266383565613363396465363066396534646136313530613038
30623930633262616430646530383162636234306330643439653362396238346466366435383531
38353963646233613565333535393830616166333938333665663735386432366234666631653939
33353237386431336132633536306632336239613065656439336664393935323132663961623737
35363061346133653233646563396364633165393939323465306266663232393966383033623031
63333730646631636365363036633137323837646231396363653563663537303733316432633532
33653331643263323339346639663361363465353836303138353235353035326436626231303133
3031
