$ANSIBLE_VAULT;1.1;AES256
38643333356231626432373466363138313364333536616539633031623433643535373339316635
3031326362303864663439303139656463363634313766330a653635363432333266346265643234
39623164306139333565636165333566373565356635303337633930656138393966656236663836
3037333434336366630a613131656438366163633230323438363766333539643633396362623637
32383338636235393161616563313033616565316430663030316565663837316266616237313464
38666365373038323762306132316338393066613464316266633765646333316632336331303064
31303165636133316136366562343637356563633562376533613962313238623030656438633237
39323838316563323032653363333232303061313366353337363032383264646531623931613136
64323030626666303934653761343931393561343366666537306336666534366462633038383961
66656339313064663136333633373132626535666636623235643733386636366565393532303663
63316634376332373336626265306636646531306233323638306665373131363964613736646637
63613339323334396333363362623537333032356636306239623934386634336536393136346239
37313037386438343237393962663863363735386466616336666131653962323064663438653962
66333632383934326631363966616563323432303536306334303739326262623466316139303464
65366365363832393838366664356337363639323839336565376631363738356636613161616630
30333261396139336338373863383931376132333765613730393263666634373031333631323437
30383038613762336262663833396462393633666131336662326336663865623135306166613239
62646332623066373832376630366564373234393338626633343832643465386662333030633235
61626235336433323736646639663535386465653935343539396536623332303965303464393136
34316531393162373961313432666162633831326462323333326366306366636663623633313362
33313233363931396566356238316564373037633931623836313634636238356639643061663665
38323439383965366365303665656537393637663561656362306439323365383165613233346336
62383632363663666434626231316264333330323961653837363936643136303062393035333062
30376563643463323736333233323466353530376463383966633165623866613264336332373862
35396261313131306163373233303761333533643337663437383333656265616130636335633831
32313064396162376265306139396631366566646539323638313135376564383433373636626432
61376432653038303830393561343437356134353032663362636236376265626461383865633333
30396337643466343665643238646161653332646231323336353564343733666338383235393136
38393035616264646437663463663336326664343565363439353761363661306633613336613464
35393032363761353436376264653830616434636563333936393531623565653764313731376133
37326162393566663362643530303635316165623562326162353933626237373832353538306238
61383365356363303432323932303238373165383538303231343466326134643664303032343332
65353638346635383336303166613531383161326536383431643035373065663733366235653532
63656231376436636161663563303237353862363935613732653637353638333837636363616563
66326361336630376361643263353365323938653830313234626335316633646361393130633234
62366265306336356263653766623866663431303532393064343834653730633931373266633466
31653431653562313538343439356365636536303538333036353036353838303339613932646235
65663461626364646334386338643966653934353234323130366438363137613632343761313935
32396164396233646564636261386665363734653035373633623666323534383434373963343831
35333133333130383264303838306263363030356463393365366237363830393765313164393862
3566
